20161291 100
20171081 100
20171111 100
20171388 50
20181109 0
20181136 0
20181228 100
20181249 100
20181283 100
20181284 0
20181353 50
20182004 100
20191046 0
20191124 50
20191133 0
20191144 100
20191164 0
20191189 100
20191201 100
20191243 100
20191253 100
20191275 100
20191285 100
20191291 0
20191309 100
20191316 100
20191346 100
20191359 0
20192001 0
20192002 0
20192008 0
20192009 0
20192010 0
20192013 100
20192014 100
20192016 100
20192017 100
20192018 100
20192019 0
20192022 100
20192027 100
20192028 100
20190203 0
20201331 100
20141031 100
20151182 100
20151445 100
20151481 0
20151505 0
20161138 80
20161266 100
